36,35
25,4
25,1
25,3
24,4
24,1
24,3
3,2
3,1
3,3
10,211
10,125
10,151
10,177
10,299
10,69
10,207
10,1
10,233
10,2
10,3
11,4
11,28
11,19
11,16
11,20
11,7
11,25
11,1
11,24
11,2
11,3
9,5
9,1
9,7
9,2
9,3
8,14
8,8
8,10
8,5
8,1
8,13
8,2
8,3
12,2
12,1
12,3
20,2
20,1
20,3
19,2
19,1
19,3
35,7
35,6
35,5
35,4
35,3
35,2
35,1
35,0
34,5
34,4
34,3
34,2
34,1
34,0
33,7
18,1
33,6
18,3
33,5
33,4
33,3
33,2
33,1
33,0
14,3
32,4
13,1
32,3
13,3
32,2
32,1
32,0
31,8
31,7
31,6
31,5
31,4
31,3
31,2
31,1
31,0
30,5
30,4
30,3
30,2
30,1
30,0
29,4
29,3
29,2
29,1
29,0
28,5
28,4
28,3
